3    15351
2    15253
1    14837
0    14559
dtype: int64

          0         1         2         3
0  6.997947  2.994129  5.794507  1.493422
1  5.006063  3.000701  3.196228  1.494557
2  7.003359  3.007491  3.286257  1.491236
3  5.019887  2.991471  5.724741  1.521535

          a         b         c         d   类别数目
0  6.997947  2.994129  5.794507  1.493422  14559
1  5.006063  3.000701  3.196228  1.494557  14837
2  7.003359  3.007491  3.286257  1.491236  15253
3  5.019887  2.991471  5.724741  1.521535  15351